ROUGE-1 : [0.5031775652432486, nan, nan, 0.08330512810320766, 0.14869182094356392]

ROUGE-2 : [0.16311260270706693, nan, nan, 0.03848096668787078, 0.071635156137997]

ROUGE-L : [0.25965664744340483, nan, nan, 0.10069932190424496, 0.1671486514949222]

Jaccard : [0.2217741935483871, nan, nan, 0.06433987537524902, 0.11561122419170511]

Overmin : [0.40441176470588236, nan, nan, 0.4847159521284654, 0.5933095801745052]

Overmax : [0.32934131736526945, nan, nan, 0.06870857517597032, 0.12881654415623642]

BLEU    : [0.20384427508907552, nan, nan, 0.03059303715818409, 0.062194216001109436]

METEOR  : [0.26688130920058434, nan, nan, 0.1382135143489827, 0.2300308308469104]

