ROUGE-1 : [0.44965353866239877, 0.16070177125720794, 0.029876226560277358, 0.2870115106853082, 0.347969492065285]

ROUGE-2 : [0.2304566997685214, 0.08498214346493514, 0.006834685540256092, 0.1370448466565096, 0.1604634124178717]

ROUGE-L : [0.3428992209500984, 0.1722111025911535, 0.05775075863046353, 0.2469837908704085, 0.2689067512787212]

Jaccard : [0.2644130401762261, 0.11825573079468554, 0.03930817610062893, 0.18475563485055974, 0.2079707839749613]

Overmin : [0.5327555755853299, 0.660773974698524, 0.5434782608695652, 0.4985367807362627, 0.5165732532774278]

Overmax : [0.3518345759414593, 0.13071156064746217, 0.04065040650406504, 0.2354515363006275, 0.2720194936370621]

BLEU    : [0.19696412427904703, 0.07082638377008542, 0.008102187273874817, 0.14174947035851404, 0.1791364338043909]

METEOR  : [0.2614177309896075, 0.22442814333980285, 0.07957693645411881, 0.2648542849262025, 0.30186284785226297]

