ROUGE-1 : [0.2994079837753364, 0.3401171990266999, 0.5020293607999134, 0.2599273220300319, 0.23972320202605527]

ROUGE-2 : [0.15350285289780233, 0.1840629854201761, 0.2967417120072472, 0.12687477876614914, 0.11715280563775633]

ROUGE-L : [0.26560174635742684, 0.3011282822401636, 0.4013145705101809, 0.22608537796908681, 0.22921167817285454]

Jaccard : [0.19983252368077029, 0.22155909610269411, 0.3173257732839313, 0.16971944138117856, 0.16556272801452307]

Overmin : [0.5878965417859003, 0.5906412802110796, 0.6092618617419718, 0.5429151955022612, 0.5886222288156457]

Overmax : [0.24577479849568715, 0.274019322961028, 0.4084659055515817, 0.20796097635613348, 0.1959603194302247]

BLEU    : [0.14950455026551707, 0.17856431048405882, 0.2657681947747096, 0.12603258128679604, 0.10658159841008764]

METEOR  : [0.30630770837600824, 0.35012497438909423, 0.3133660268613169, 0.27237982309035663, 0.2928280855710654]

