ROUGE-1 : [0.4525687687103372, 0.1542590438804973, 0.029876226560277358, 0.27530643271659777, 0.24800884174973617]

ROUGE-2 : [0.22648093791021356, 0.08140023201937187, 0.006834685540256092, 0.12967200468229742, 0.10656000291589704]

ROUGE-L : [0.3350354446913021, 0.16531169205336582, 0.05775075863046353, 0.2407498188280551, 0.21705234559305042]

Jaccard : [0.2580381969022034, 0.11203275636853825, 0.03930817610062893, 0.1780107070306969, 0.1640858997641607]

Overmin : [0.5299436215958133, 0.6603978651754309, 0.5434782608695652, 0.5180726803510725, 0.5397330231206089]

Overmax : [0.3419349129512632, 0.12229155074156817, 0.04065040650406504, 0.22693256750314608, 0.1996387816571787]

BLEU    : [0.20766051678993033, 0.06710522329318126, 0.008102187273874817, 0.13727174463055833, 0.10898556862848591]

METEOR  : [0.2793934135384032, 0.2208271663171727, 0.07957693645411881, 0.2646177446072684, 0.27606406878022083]

