ROUGE-1 : [0.39494232184572337, 0.24891267425329447, 0.1843455535257677, 0.4688696167844332, 0.3231705049876493]

ROUGE-2 : [0.207736821841145, 0.13805718910969328, 0.06999833245875614, 0.2469625847755636, 0.15591103614648769]

ROUGE-L : [0.3278987479581329, 0.25772692669920183, 0.1646492836327949, 0.3636429301711796, 0.28071481644767643]

Jaccard : [0.2514099036594123, 0.18494549017401662, 0.12098317178596542, 0.28052770947783057, 0.21091506502730384]

Overmin : [0.5916271806154155, 0.6610049974248723, 0.4914470135877522, 0.5425876926196053, 0.5481415698934565]

Overmax : [0.3129158121245157, 0.2108385673384157, 0.14691691421018432, 0.37167364667836394, 0.2675196548315725]

BLEU    : [0.2021776481233977, 0.11907823966097168, 0.07672718029817406, 0.2593109633676457, 0.16170642449649011]

METEOR  : [0.312623555145515, 0.3017824408740791, 0.2094894492051845, 0.3267482997502233, 0.32501523795763504]

