ROUGE-1 : [0.42848138279369336, 0.3432733765215266, 0.3530260590360802, 0.49771932788571993, 0.3379052757863695]

ROUGE-2 : [0.2228252418458156, 0.1667461545050475, 0.16754775500841212, 0.27829604051979057, 0.1730344599879051]

ROUGE-L : [0.33123255509193295, 0.2807312738411141, 0.28160119860040916, 0.3977056334642953, 0.2920550704095285]

Jaccard : [0.25446958533623754, 0.2153784488122098, 0.21178656350524147, 0.3039241216636598, 0.2217792593309701]

Overmin : [0.5449614529190443, 0.5411213807250572, 0.5066233705135222, 0.5985090920461333, 0.551339111830478]

Overmax : [0.3309373293133875, 0.2717249252056011, 0.27732551412918066, 0.391318262842981, 0.2790361100394604]

BLEU    : [0.23209562075464396, 0.17722757450271093, 0.18048203363857382, 0.2547255097379439, 0.17943275331920247]

METEOR  : [0.3203243200816375, 0.31773919165735043, 0.2909715961677332, 0.29891989566961064, 0.3414080671011608]

