ROUGE-1 : [0.4440211066200134, 0.5167341091606427, 0.40141773671867104, 0.39072717646796995, 0.5008305754567868]

ROUGE-2 : [0.30326689584374666, 0.29529259617415965, 0.2964563966491299, 0.29648503190860837, 0.2937383790565076]

ROUGE-L : [0.43916912171050015, 0.4072227672357733, 0.4230512791342282, 0.44447383801471363, 0.40721621958398263]

Jaccard : [0.33268960776585504, 0.31695936860656587, 0.3278951049648254, 0.324123947111877, 0.31766649785263473]

Overmin : [0.7441138283611931, 0.5887096910494345, 0.8092717292233901, 0.8336820167079294, 0.6168974217094984]

Overmax : [0.38971886120207105, 0.41424963689706434, 0.35998970731533503, 0.35106813441965556, 0.40056833299703304]

BLEU    : [0.1597417204008955, 0.27948665292835273, 0.09921720009652026, 0.09308330395926168, 0.24830353240377137]

METEOR  : [0.2197752519781969, 0.30127181844463763, 0.1796085456542766, 0.17676207018861811, 0.2790961207989849]

