ROUGE-1 : [0.48642894672702214, 0.05622732695209043, nan, 0.14346283549140906, 0.17064937503116137]

ROUGE-2 : [0.1854022327705856, 0.03206291517726667, nan, 0.07588435239288402, 0.08195517648550002]

ROUGE-L : [0.2601156020867721, 0.12217795282395873, nan, 0.15308798793105172, 0.17950383803531755]

Jaccard : [0.21015761821366025, 0.08273894436519258, nan, 0.1094601873393993, 0.12801973711611822]

Overmin : [0.42402826855123676, 0.6744186046511628, nan, 0.5416305527753607, 0.5902190086641533]

Overmax : [0.29411764705882354, 0.0861812778603269, nan, 0.12502248409172032, 0.14529110944524504]

BLEU    : [0.25443944336292407, 0.023403439508237603, nan, 0.06721678443670033, 0.07259928847103045]

METEOR  : [0.34068642688611045, 0.12831736879879074, nan, 0.19187715719340723, 0.2340890020768544]

