ROUGE-1 : [0.42672806650987516, 0.36154245709942606, 0.5124578892430357, 0.42484186037615423, 0.24354299669127596]

ROUGE-2 : [0.23209451862819883, 0.16920653510163125, 0.2667654142102132, 0.2305130479433321, 0.1230341735755373]

ROUGE-L : [0.35297598850932677, 0.2859474741964669, 0.36486592187139216, 0.34744047620943147, 0.23155218422158266]

Jaccard : [0.2697587729138904, 0.21739099215682162, 0.30211979836683905, 0.2653518310659205, 0.16605860741062736]

Overmin : [0.5776385536853391, 0.5275396165248144, 0.5408687024524034, 0.563396916621113, 0.5517557331512923]

Overmax : [0.343023609333886, 0.27891723979886235, 0.4114077999365115, 0.3468569088500664, 0.19778024126938404]

BLEU    : [0.2334339040558118, 0.18366046819705104, 0.2918194387307995, 0.23763557130667218, 0.11622686120113397]

METEOR  : [0.34802333317189943, 0.3247678686348737, 0.3111982819781351, 0.35003298478918365, 0.2923932254054842]

