ROUGE-1 : [0.4479013483389395, 0.516775364103722, 0.40141773671867104, 0.3929503887128605, 0.5065848876691795]

ROUGE-2 : [0.30441088582251524, 0.2952063079756876, 0.2964563966491299, 0.2971917904269761, 0.2860316994679077]

ROUGE-L : [0.4396704330615302, 0.40695559931474407, 0.4230512791342282, 0.44388894556073727, 0.4005075169456302]

Jaccard : [0.33332999549989595, 0.31676517568246193, 0.3278951049648254, 0.3238231125560341, 0.3128300157255223]

Overmin : [0.7419692205180558, 0.5882055518008674, 0.8092717292233901, 0.8303338217840877, 0.5900441306717565]

Overmax : [0.39173890124004845, 0.41416686010833753, 0.35998970731533503, 0.35170060736959247, 0.40593116212255204]

BLEU    : [0.16357030874812212, 0.2795990362779476, 0.09921720009652026, 0.09567927088943153, 0.26851394868872575]

METEOR  : [0.2223257454763319, 0.3013508686100064, 0.1796085456542766, 0.17872939982273697, 0.29558919515976256]

